10
8
0 0 0 0 0 0 0 0
0 1 2 1 0 0 0 0
0 2 3 0 0 0 0 0
0 2 4 4 0 0 0 0
0 1 1 1 0 0 0 0
0 0 0 0 1 3 3 0
0 0 0 0 2 3 2 0
0 0 0 0 0 0 0 0
1
10
2
1 0
0 2
3
1 1 1
1 1 1
1 1 1
3
1 1 1
2 0 1
1 1 0
5
6 9 3 6 9
14 0 0 0 8
19 0 20 0 2
12 0 0 0 16
10 4 11 4 13
5
12 12 5 0 12
13 0 0 0 0
16 0 20 0 12
9 0 0 0 9
12 3 14 14 19
10
16 14 0 17 17 12 8 7 17 13
0 0 0 0 8 0 0 0 13 0
9 0 20 0 0 0 19 0 7 0
9 0 0 0 6 0 0 0 13 0
12 4 14 20 12 5 19 14 16 5
15 0 0 0 13 0 0 0 1 0
8 0 14 0 15 0 1 0 8 0
0 0 0 0 4 0 0 0 14 0
6 17 14 17 4 13 18 18 16 16
15 0 0 0 3 0 0 0 8 0
10
19 10 1 9 14 12 2 7 7 1
13 0 8 0 0 0 7 0 16 0
19 17 12 19 1 9 1 16 5 12
3 0 10 0 8 0 12 0 12 0
2 0 19 4 13 7 13 9 7 12
15 0 13 0 17 0 5 0 8 0
18 15 19 7 12 3 8 17 7 9
14 0 14 0 18 0 18 0 15 0
8 10 9 8 13 5 10 1 18 10
17 0 4 0 13 0 3 0 6 0
20
9 16 8 7 16 9 9 15 18 19 4 6 7 20 13 19 12 1 8 11
3 0 0 0 0 6 0 0 0 0 10 0 0 0 0 15 0 0 0 0
3 0 0 0 0 15 0 0 0 0 16 0 0 0 0 5 0 0 0 0
9 0 0 0 0 8 0 0 0 0 13 0 0 0 0 5 0 0 0 0
10 0 0 0 0 6 0 0 0 0 18 0 0 0 0 9 0 0 0 0
18 0 14 16 11 6 9 8 12 0 3 17 2 11 20 20 16 9 14 11
20 0 0 0 0 18 0 0 0 0 19 0 0 0 0 0 0 0 0 0
7 0 0 0 0 11 0 0 0 0 9 0 0 0 0 16 0 0 0 0
6 0 0 0 0 16 0 0 0 0 1 0 0 0 0 6 0 0 0 0
2 0 0 0 0 3 0 0 0 0 16 0 0 0 0 3 0 0 0 0
6 20 10 4 0 9 15 10 5 19 7 8 5 14 6 3 19 12 1 6
8 0 0 0 0 1 0 0 0 0 6 0 0 0 0 9 0 0 0 0
10 0 0 0 0 6 0 0 0 0 9 0 0 0 0 9 0 0 0 0
6 0 0 0 0 20 0 0 0 0 5 0 0 0 0 13 0 0 0 0
1 0 0 0 0 8 0 0 0 0 18 0 0 0 0 19 0 0 0 0
13 12 15 17 16 14 9 5 1 17 7 20 17 12 5 13 2 10 16 6
8 0 0 0 0 10 0 0 0 0 0 0 0 0 0 18 0 0 0 0
17 0 0 0 0 15 0 0 0 0 12 0 0 0 0 3 0 0 0 0
1 0 0 0 0 0 0 0 0 0 15 0 0 0 0 7 0 0 0 0
8 0 0 0 0 15 0 0 0 0 3 0 0 0 0 12 0 0 0 0
