10
4 3
1 1 2 2
4 3 9 3
1 4 1 3
4 4 4 4
1 1
1
2 2
1 1
1 1
4 3
61 96 61 52
12 35 65 25
52 14 79 43
79 5 66 54
5 3
100 50 64 83 20
56 66 47 85 4
72 20 99 64 77
60 77 82 23 2
80 60 44 8 91
5 4
25 32 65 66 37
86 60 26 50 68
86 17 49 53 52
73 16 82 67 12
34 74 50 71 18
5 5
26 68 63 84 39
98 77 6 81 20
57 73 47 33 24
18 31 43 93 22
21 11 16 21 26
5 1
1 1 1 1 1
1 1 1 1 1
1 1 1 1 1
1 1 1 1 1
1 1 1 1 1
10 4
29 91 71 27 48 71 6 1 24 52
100 26 22 45 93 35 57 39 3 37
3 53 91 92 28 83 62 49 26 78
65 97 99 22 85 76 80 22 19 27
60 27 47 46 76 10 53 77 49 3
72 51 30 72 59 71 63 52 7 66
86 48 18 92 38 24 25 95 80 64
94 62 86 27 79 77 88 73 80 94
60 64 90 46 93 86 74 35 47 70
54 83 7 91 87 31 16 65 74 92
20 11
45 8 68 62 41 41 59 66 81 1 9 14 37 6 46 24 7 41 63 83
44 31 49 80 40 92 77 92 92 95 3 63 23 53 39 42 87 2 47 59
76 91 77 30 51 41 66 70 77 52 74 79 4 19 60 58 25 52 9 91
32 97 42 20 56 29 18 84 87 32 76 93 29 39 64 52 29 81 52 16
4 80 72 15 85 92 11 48 97 22 15 33 32 90 95 29 27 72 65 61
71 7 21 9 6 62 2 97 1 43 50 52 44 59 76 94 37 92 6 79
57 55 47 96 25 99 96 63 41 3 92 88 55 84 49 17 7 98 100 53
94 46 66 38 57 39 76 100 30 60 74 16 14 95 17 33 8 79 14 14
5 61 68 43 77 27 77 99 97 75 60 93 34 67 41 41 76 68 41 54
44 43 88 27 3 81 76 29 51 16 49 35 42 14 66 80 2 21 75 81
96 30 25 41 49 57 47 38 46 76 91 38 60 22 91 42 96 18 81 48
83 4 55 88 90 53 23 40 59 7 31 7 14 66 94 23 10 85 76 21
4 7 80 50 24 99 77 27 4 83 5 1 30 17 85 43 42 38 97 54
28 34 72 32 79 93 74 62 72 45 71 52 32 28 100 98 35 19 48 71
83 59 79 45 39 34 78 66 44 99 72 76 80 6 16 71 77 38 93 39
84 24 35 39 63 49 3 96 41 91 16 92 39 76 95 10 14 14 49 35
27 3 83 54 67 4 44 29 72 24 14 10 52 47 95 62 40 100 38 45
50 86 85 36 11 75 42 90 3 66 10 51 48 10 100 38 24 16 85 73
38 52 24 16 47 63 3 63 44 26 8 100 79 58 1 44 70 36 39 87
78 15 62 66 96 58 43 30 23 4 41 43 71 88 21 56 9 13 77 49