10
5 2 3 1 1
10 2 1 3 2 2 5 4 2 1
10 1 1 2 1 2 2 1 2 1
12 5 4 5 2 2 5 1 2 2 5 3
16 2 2 2 5 4 2 1 3 4 2 2 5 2 5 3
24 4 2 2 2 4 4 2 2 3 3 4 1 5 3 1 3 5 4 5 3 5 5 2
30 1 1 3 2 5 2 1 2 2 1 4 3 2 3 1 3 2 5 1 1 4 5 4 4 2 1 2 2 4
50 2 5 7 2 7 1 5 6 6 5 7 5 5 3 2 4 1 4 4 4 3 2 5 6 5 2 2 4 7 5 6 6 6 5 7 2 7 6 4 3 2 6 3 4 3 6 6 4 1
50 3 6 1 5 8 4 1 1 3 2 8 4 7 1 8 9 7 4 5 3 5 8 6 5 6 3 4 8 7 3 6 3 3 1 1 7 1 7 3 9 5 5 8 3 9 5 8 8 4
50 5 1 8 2 7 1 7 9 8 7 6 6 6 5 4 6 7 8 1 2 6 2 8 9 7 3 8 3 2 8 6 7 1 5 8 2 7 9 8 5 5 3 9 7 9 6 5 1 7