10
3 8
1 3 8 4 -3 -3 5 1
8 -2 5 5 4 -9 -8 -1
4 9 2 -1 0 4 3 2
3 8
4 0 1 -9 9 6 -5 -5
2 10 -8 6 9 -10 -3 0
9 5 -10 10 -9 -6 2 -8
3 8
-10 -5 8 1 -10 -3 -10 4
4 3 9 -6 -4 2 -3 -9
-4 7 10 3 1 5 9 1
4 8
-5 9 -8 -6 -10 0 -3 -3
3 9 -9 5 9 -7 -8 -4
9 -6 4 -4 5 2 8 6
-9 -10 -2 -10 0 -3 -4 1
5 8
3 6 0 6 3 2 9 -1
7 10 -3 -3 4 -2 -7 -10
3 0 9 -6 4 0 -5 -2
10 4 2 1 2 6 -8 5
-6 1 2 -9 -1 0 -5 9
5 8
-19 -10 -16 -7 10 14 -5 -18
-20 9 11 11 10 -17 -1 18
9 -3 16 12 -3 -19 -10 -10
4 -15 9 0 14 -1 -19 -3
-16 6 18 10 -7 13 -5 1
6 8
-13 -12 -4 -1 26 -25 22 -24
-28 1 -28 20 -12 25 -23 3
30 6 -20 -22 -18 14 -23 29
25 -6 26 -22 18 -14 -2 22
-30 13 -11 -9 16 -17 -14 -28
4 18 -26 6 2 -14 5 -1
8 8
6 26 2 -4 -23 14 4 12
-21 -11 7 18 12 16 -28 -19
-17 -17 25 14 28 16 16 -25
-23 25 -14 15 6 -13 -24 -19
25 12 4 29 26 -1 -30 28
-27 24 20 -22 8 -11 -26 1
13 28 20 -1 -23 -17 -22 22
14 7 -3 28 -19 -25 -27 21
10 10
43 -37 1 -16 -21 -27 -8 0 -42 15
-20 -24 21 -16 -33 46 -43 26 -37 -24
15 11 -46 -2 -7 44 -7 -27 -14 -26
-45 -4 -38 -15 7 -26 -41 -18 -40 -22
40 -22 37 -31 28 -8 -25 -42 -41 -35
-50 13 32 40 -21 -35 8 6 -42 -5
-47 -5 29 -5 43 0 40 -36 28 7
-15 -1 -38 34 -1 -6 -24 -40 4 15
-9 42 -11 -12 28 -18 -17 23 -3 39
18 -38 -13 9 7 48 38 4 -25 29
10 10
6 90 18 1 -50 -43 50 89 -78 86
84 -18 -98 68 66 38 -16 45 69 21
86 -78 -77 -12 70 -35 89 86 24 -22
30 -86 -56 100 82 -89 -61 -52 -70 -15
97 -89 -48 -17 64 37 -67 73 16 -11
-69 35 -27 100 6 -43 -67 83 21 30
34 81 19 -26 62 4 20 90 43 -6
71 32 -82 98 -31 60 64 -66 40 66
65 78 92 -19 24 52 -24 39 -17 -80
-96 -53 61 -46 97 -31 13 94 53 -1
