10
3
2 2 2 5 5 0
3 3 4 2 1 0
4
1 1 3 5 3 9 4 1
9 1 11 0 0 4 7 8
4
1 1 3 3 5 5 7 7
2 2 4 4 6 6 8 8
5
2 9 3 4 5 9 6 2 8 2
0 7 1 2 4 2 5 5 8 6
5
4 6 8 11 9 18 13 15 15 10
3 13 3 15 7 13 7 15 10 6
6
4 6 8 11 9 18 13 15 15 10 17 4
3 13 3 15 7 13 7 15 10 6 2 0
7
0 0 0 5 6 6 7 7 8 8 7 12 8 0
2 7 3 8 3 11 5 5 11 12 12 4 20 20
8
0 0 0 5 6 6 7 7 8 8 7 12 8 0 9 2
2 7 3 8 3 11 5 5 11 12 12 4 4 8 30 30
9
4 10 5 5 12 8 12 18 11 25 17 0 18 7 21 20 23 5
5 13 6 8 8 6 9 1 17 12 20 10 19 19 20 15 22 12
10
4 10 5 5 8 13 12 8 12 18 11 25 17 0 18 7 21 20 23 5
5 13 6 8 7 4 8 6 9 1 17 12 20 10 19 19 20 15 22 12